CAVE
0;0;0;0;
0000110010;
0001111111;
0011000101;
0010111100;
CAVE
0;0;0;0;
0000111000000;
0001111011000;
0111011111000;
0111001111100;
0011101100000;
0000000000000;
CAVE
0;0;0;0;
00000000000000;
00001111100000;
00000011111000;
00001111000111;
00111111111111;
00110000011110;
00000111111100;
00011111000100;
CAVE
0;0;0;0;
011110100;
000111100;
001111110;
000001110;
000001110;
CAVE
0;0;0;0;
001111000011111;
111100111111110;
000001111111111;
CAVE
5;0;0;0;
010000;
011110;
000100;
CAVE
5;0;0;0;
010000;
010010;
000110;
CAVE
5;0;0;0;
000000;
000110;
001101;
CAVE
5;0;0;0;
011000;
000100;
000110;
CAVE
0;0;0;0;
111111111111;
111111111111;
111111111111;
111111111111;
111111111111;
111111111111;
111111111111;

0;0;0;0;001101111111;111111101111;111111111111;111111111111;110011111111;111111101111;111111111111;






