CAVE
0;0;0;0;
00111110000000000000;
00111100000000000000;
00011111111111110000;
00011111111111111110;
00000111111111111000;
00111111111111111100;
00011110000000000000;
00001111100000000000;
CAVE
0;0;0;0;
0000100011000000000000000000000000000000000000;
0111111111111111111111110001111111111111111111;
0000000111111000000111111111111111111111100000;
0000000000000000000000000000000000000000000000;
CAVE
0;0;0;0;
00111100;
00111100;
00011100;
00111000;
00011100;
00111100;
00111100;
00011000;
00011100;
00011100;
00011110;
00001110;
00001111;
00000011;
00001111;
00000111;
00001110;
00001110;
00111100;
CAVE
0;0;0;0;
00000000000000000000000000000000000000000000000000;
00000000000000000000000110000000000000111100000000;
00001111000000000001111110000000000001110000000000;
00111111111111111111111111111111111111111111111000;
00000000000000000000000000000000000010000000000000;
CAVE
0;0;0;0;
00111100;
00111100;
00011100;
00011000;
00111100;
00011100;
00011000;
00011100;
00011000;
00011100;
00011100;
00111000;
00011100;
00111000;
00111000;
00011100;
CAVE
0;0;0;0;
001111110000;
000001111110;
000011110000;
000001111100;
CAVE
0;0;0;0;
0000001100000000;
1111111111111111;
CAVE
0;0;0;0;
000111100000;
000001110000;
000111111000;
000000111110;
CAVE
0;0;0;0;
0011110000;
0001110000;
0000111111;
0001111111;
0011100000;







0;0;0;0;001101111111;111111101111;111111111111;111111111111;110011111111;111111101111;111111111111;






